162 51
181 69
169 63
176 71
184 76
174 59
169 63
159 47
173 64
163 54
190 82
186 74
180 74
163 57
179 71
161 48
151 44
183 69
179 67
165 52
184 77
151 46
187 72
162 56
188 83
152 41
175 65
163 57
168 59
154 44
189 79
178 65
188 83
169 57
189 74
190 84
177 65
175 69
169 61
163 55
157 46
164 52
187 81
187 80
163 54
190 81
172 60
175 67
186 78
175 69
183 77
154 47
186 76
155 45
189 83
161 49
156 44
163 48
178 72
152 42
172 67
184 70
150 44
184 73
180 66
189 81
175 61
188 76
169 57
176 63
183 71
169 55
171 57
170 58
186 73
179 64
184 71
162 48
179 66
182 69
182 67
172 64
166 61
152 41
188 76
172 62
177 66
153 39
155 46
179 69
187 80
183 74
171 58
158 50
184 70
173 58
165 57
154 44
184 71
165 60
162 50
156 42
171 56
160 47
163 57
165 58
184 79
180 74
181 72
181 73
156 44
168 60
174 60
178 73
190 78
182 75
156 48
160 45
159 48
180 75
150 39
190 76
184 69
178 69
166 58
181 75
182 69
180 73
185 80
157 43
190 85
185 78
157 52
166 53
156 45
180 70
186 81
172 60
186 76
173 64
174 66
157 45
164 54
188 79
179 70
182 72
175 69
176 64
165 60
181 67
154 45
187 80
186 81
189 80
177 70
179 74
189 81
158 51
158 45
190 82
173 65
173 64
171 58
170 60
174 68
162 54
186 79
168 54
164 50
166 59
173 66
169 59
150 45
184 70
168 62
183 77
179 64
166 55
166 60
176 64
174 59
187 80
186 80
152 40
160 55
183 70
186 74
180 65
181 75
175 63
189 83
170 56
175 67
187 80
151 43
156 42
171 58
176 70
156 47
170 65
187 76
163 54
187 76
175 67
178 65
172 63
182 77
164 52
189 79
180 75
183 77
169 61
190 85
183 76
190 79
155 49
151 39
160 49
181 69
158 46
164 53
165 57
182 76
157 49
182 73
183 73
158 49
172 66
173 66
185 71
151 41
151 45
179 66
154 46
157 44
150 40
174 66
156 44
153 44
187 80
166 59
154 49
156 51
175 63
180 65
171 65
189 75
183 74
184 77
172 67
177 68
154 39
165 57
153 41
166 53
152 44
182 76
150 39
150 44
161 55
172 66
160 49
168 60
173 67
173 63
184 72
168 55
183 77
156 51
173 60
165 60
154 43
190 75
189 79
188 82
181 75
182 68
151 43
159 53
187 80
160 48
179 65
156 41
169 62
155 40
173 67
164 55
160 51
161 54
187 76
183 69
170 64
187 79
177 66
166 55
175 68
175 63
183 78
172 63
172 58
181 73
160 55
167 52
190 83
184 69
175 61
183 70
172 60
187 73
170 56
185 72
166 57
165 56
159 50
165 51
158 52
187 78
163 52
160 50
160 54
155 47
182 70
177 63
187 82
159 53
179 67
173 66
186 78
178 71
182 72
171 65
150 41
164 52
169 55
167 54
189 81
177 72
171 57
190 82
164 52
162 54
161 56
174 68
181 66
155 42
184 74
187 72
189 78
160 50
162 49
171 66
179 64
189 81
164 50
156 49
169 60
152 37
155 42
152 37
160 45
165 60
177 69
174 62
174 65
167 56
155 45
187 80
169 64
180 65
167 56
156 41
184 79
180 69
170 60
174 68
157 42
168 60
150 40
150 36
160 53
176 64
175 63
157 43
189 76
152 40
174 64
164 55
165 59
159 53
178 64
162 57
158 53
151 36
163 55
171 62
153 42
170 58
175 67
190 83
179 66
159 52
169 61
176 68
173 58
162 56
162 52
159 54
160 50
155 40
184 79
158 43
173 65
174 59
167 58
155 47
152 46
156 41
151 37
182 75
184 73
163 50
181 68
167 57
154 49
184 72
187 80
176 69
167 58
186 71
167 55
156 41
154 40
178 72
182 76
171 60
165 59
160 52
166 61
169 63
184 71
172 67
157 42
185 79
159 50
177 70
188 82
181 74
172 66
166 60
152 37
180 70
151 36
187 77
167 59
161 51
163 52
160 47
172 60
174 67
169 58
185 73
177 69
162 48
189 79
163 54
167 57
156 50
189 76
155 42
181 74
170 55
156 43
174 61
180 70
170 59
184 72
184 72
188 81
169 62
172 57
169 57
180 72
179 72
176 63
176 68
186 79
187 82
154 42
159 54
168 60
188 82
152 46
185 77
155 42
183 78
188 82
162 57
167 58
179 68
155 40
171 62
177 72
172 67
166 53
164 55
176 64
173 62
151 40
190 80
150 39
174 64
171 60
188 83
151 37
166 57
158 46
174 62
183 76
178 72
179 65
188 75
161 54
184 75
165 53
155 47
167 59
179 72
167 57
177 64
178 67
152 38
176 63
186 74
172 67
170 64
183 69
185 79
175 61
171 64
164 53
172 67
162 49
168 61
154 39
182 77
183 68
177 65
184 79
168 56
155 45
190 79
151 45
169 57
150 45
185 78
166 52
175 63
154 40
182 75
154 49
170 59
151 37
185 70
182 67
179 73
175 61
168 63
151 38
187 72
150 38
181 68
166 53
166 59
186 73
183 72
155 50
187 77
180 65
185 71
190 79
157 46
165 57
180 71
160 54
172 67
166 52
178 69
177 70
181 75
163 53
182 71
181 72
186 72
170 59
187 73
157 48
175 63
150 41
172 63
166 55
186 80
174 60
155 40
164 51
183 68
183 68
154 45
176 61
174 68
185 71
171 66
182 72
160 49
153 41
163 52
169 56
177 72
179 70
188 81
188 73
165 54
173 67
187 80
167 55
167 54
155 44
151 44
178 71
168 62
163 55
164 49
182 69
161 53
169 57
182 77
175 62
164 55
189 75
179 72
161 56
154 47
159 45
152 45
181 76
175 68
152 46
176 65
151 40
166 51
174 61
164 51
190 77
185 72
178 63
151 37
150 37
166 53
166 52
183 75
181 67
183 71
166 57
174 66
157 52
186 80
161 54
177 67
173 63
171 61
152 38
167 62
155 46
180 69
175 67
165 54
175 62
151 44
173 58
169 60
185 79
175 61
159 48
170 64
170 58
162 52
150 36
162 52
163 56
169 55
168 63
162 55
182 73
190 81
172 64
166 61
159 44
176 63
154 47
185 76
159 44
161 53
180 68
157 46
170 65
188 78
184 71
170 61
164 49
178 71
183 77
155 50
183 75
176 65
181 68
154 49
184 73
172 62
190 77
168 55
181 71
166 53
184 74
190 80
158 51
171 62
172 60
170 59
188 79
185 75
165 58
161 52
165 57
188 77
183 74
182 76
175 64
173 59
165 55
182 67
167 60
163 56
157 47
160 46
173 60
166 51
150 40
168 60
164 57
178 68
158 53
154 43
156 47
175 70
186 80
186 81
186 73
189 75
172 64
151 36
180 72
172 58
181 67
152 42
172 67
169 54
156 42
189 83
157 51
177 66
175 70
178 63
162 48
169 54
180 69
165 60
150 43
166 54
177 66
175 69
157 51
180 66
181 68
181 75
178 71
174 69
157 50
165 56
177 66
152 46
154 42
189 80
172 65
150 43
181 76
159 51
185 77
153 44
159 45
155 43
181 69
187 73
170 61
174 65
154 49
165 54
156 49
160 47
181 76
176 68
167 57
185 70
189 80
180 66
176 68
166 56
161 53
170 59
160 54
172 65
172 66
164 53
157 51
175 69
150 36
162 48
167 59
158 46
180 71
160 47
185 80
164 54
181 73
177 72
153 48
167 62
166 54
155 48
165 56
175 66
165 52
188 77
181 74
154 47
156 48
165 59
160 49
174 67
154 42
176 62
154 44
180 67
151 43
155 44
184 70
179 68
150 36
165 53
188 73
176 64
175 68
173 63
153 44
155 41
165 60
187 77
170 64
171 65
168 63
167 59
172 58
175 67
179 69
184 70
190 83
166 51
169 57
188 75
163 50
177 68
153 46
187 78
159 51
187 80
176 70
166 51
181 70
169 55
186 81
161 51
153 43
178 64
166 60
163 48
167 56
185 79
153 47
177 70
174 60
187 76
174 68
170 58
180 68
163 53
185 75
163 49
173 66
187 77
169 55
179 68
164 52
175 68
178 67
165 53
165 56
189 76
157 52
183 69
158 45
153 45
189 80
164 59
178 70
172 67
170 56
151 37
180 72
158 47
170 55
182 71
153 43
188 81
172 63
158 52
162 48
187 81
186 75
183 75
184 69
177 72
168 61
164 58
168 62
180 71
152 42
155 41
174 68
166 57
187 80
190 85
187 81
188 80
163 57
167 59
185 73
163 51
188 75
160 45
160 49
178 66
156 46
169 56
155 47
153 42
172 62
154 48
171 65
188 81
189 74
153 46
181 73
187 77
166 52
157 44
181 71
157 52
180 65
187 78
181 72
165 53
154 39
158 46
159 44
189 79
185 75
169 61
160 46
157 52
188 81
163 54
155 44
159 53
180 69
164 53
158 43
167 56
155 48
178 68
161 49
161 48
178 64
